0,train,1.6234,0.5137
0,val,0.0825,-0.1148,-0.2415
1,train,2.3574,0.5216
1,val,0.1540,-0.1356,-0.3046
2,train,2.8576,0.5170
2,val,0.2034,-0.1340,-0.3391
3,train,3.5288,0.5188
3,val,0.2180,-0.1349,-0.3499
4,train,3.0731,0.5250
4,val,0.2419,-0.1328,-0.3677
5,train,2.9240,0.5285
5,val,0.2488,-0.1244,-0.3511
6,train,2.8361,0.5318
6,val,0.2554,-0.1250,-0.3580
7,train,2.7568,0.5348
7,val,0.2733,-0.1094,-0.3335
8,train,2.7170,0.5367
8,val,0.2988,-0.0982,-0.3264
9,train,2.6545,0.5392
9,val,0.2888,-0.1084,-0.3478
10,train,2.2466,0.5528
10,val,0.3633,-0.0649,-0.2932
11,train,2.1682,0.5599
11,val,0.3717,-0.0590,-0.2810
12,train,2.1490,0.5634
12,val,0.3765,-0.0557,-0.2756
13,train,2.1382,0.5658
13,val,0.3829,-0.0529,-0.2720
14,train,2.1301,0.5677
14,val,0.3852,-0.0505,-0.2660
15,train,2.1240,0.5697
15,val,0.3896,-0.0468,-0.2604
16,train,2.1184,0.5714
16,val,0.3919,-0.0466,-0.2617
17,train,2.1165,0.5724
17,val,0.3922,-0.0461,-0.2597
18,train,2.1127,0.5735
18,val,0.3949,-0.0458,-0.2599
19,train,2.1119,0.5744
19,val,0.3990,-0.0433,-0.2577
