0,train,3.6693,0.1641
0,val,0.1358,-0.1671,-0.3728
1,train,1.2941,0.5181
1,val,0.1854,-0.1603,-0.3862
2,train,0.8760,0.6232
2,val,0.1962,-0.1454,-0.3595
3,train,0.7211,0.6646
3,val,0.2159,-0.1367,-0.3522
4,train,0.6493,0.6858
4,val,0.2340,-0.1285,-0.3486
5,train,0.5837,0.7026
5,val,0.2490,-0.1235,-0.3502
6,train,0.5531,0.7111
6,val,0.2421,-0.1253,-0.3472
7,train,0.5061,0.7245
7,val,0.2459,-0.1263,-0.3544
8,train,0.4742,0.7328
8,val,0.2616,-0.1187,-0.3455
9,train,0.4613,0.7355
9,val,0.2592,-0.1159,-0.3360
10,train,0.1602,0.8126
10,val,0.3081,-0.0933,-0.3229
11,train,0.1029,0.8269
11,val,0.3185,-0.0877,-0.3157
12,train,0.0921,0.8304
12,val,0.3247,-0.0826,-0.3068
13,train,0.0863,0.8323
13,val,0.3304,-0.0813,-0.3088
14,train,0.0845,0.8334
14,val,0.3334,-0.0791,-0.3044
15,train,0.0830,0.8346
15,val,0.3346,-0.0785,-0.3045
16,train,0.0818,0.8357
16,val,0.3401,-0.0760,-0.3014
17,train,0.0817,0.8363
17,val,0.3424,-0.0747,-0.2995
18,train,0.0796,0.8372
18,val,0.3489,-0.0705,-0.2931
19,train,0.0804,0.8376
19,val,0.3477,-0.0709,-0.2934
