0,train,1.1378,0.4056
0,val,0.1021,-0.1565,-0.3260
1,train,1.2166,0.4229
1,val,0.1830,-0.1531,-0.3672
2,train,1.3070,0.4275
2,val,0.2057,-0.1257,-0.3140
3,train,1.5188,0.4323
3,val,0.2219,-0.1320,-0.3488
4,train,1.1368,0.4377
4,val,0.2557,-0.1091,-0.3128
5,train,1.0080,0.4416
5,val,0.2541,-0.1066,-0.3101
6,train,0.9299,0.4445
6,val,0.2799,-0.0989,-0.3087
7,train,0.8798,0.4470
7,val,0.2820,-0.1022,-0.3219
8,train,0.8334,0.4490
8,val,0.2821,-0.1065,-0.3396
9,train,0.7986,0.4514
9,val,0.2902,-0.1023,-0.3309
10,train,0.4091,0.4630
10,val,0.3709,-0.0557,-0.2700
11,train,0.3401,0.4690
11,val,0.3799,-0.0490,-0.2565
12,train,0.3264,0.4719
12,val,0.3856,-0.0453,-0.2507
13,train,0.3198,0.4740
13,val,0.3893,-0.0432,-0.2475
14,train,0.3132,0.4753
14,val,0.3974,-0.0399,-0.2455
15,train,0.3105,0.4768
15,val,0.3967,-0.0382,-0.2393
16,train,0.3077,0.4778
16,val,0.4005,-0.0377,-0.2402
17,train,0.3047,0.4796
17,val,0.4003,-0.0359,-0.2357
18,train,0.3041,0.4800
18,val,0.4071,-0.0339,-0.2368
19,train,0.3030,0.4810
19,val,0.4078,-0.0342,-0.2361

# contrastive_loss from ep10


11,train,0.9412,0.5623
11,val,0.3755,-0.0482,-0.2399
12,train,0.9232,0.5811
12,val,0.3484,-0.0468,-0.1948
13,train,0.9066,0.5969
13,val,0.3077,-0.0421,-0.1450
14,train,0.8921,0.6083
14,val,0.2676,-0.0369,-0.1125
15,train,0.8819,0.6123
15,val,0.2334,-0.0323,-0.0871
16,train,0.8755,0.6096
16,val,0.2080,-0.0295,-0.0722
17,train,0.8711,0.6025
17,val,0.1901,-0.0275,-0.0605
18,train,0.8681,0.5926
18,val,0.1763,-0.0258,-0.0500
19,train,0.8655,0.5812
19,val,0.1655,-0.0244,-0.0394
