0,train,2.6344,0.6013
0,val,0.1006,-0.1536,-0.3201
1,train,1.5673,0.6478
1,val,0.1481,-0.1405,-0.3189
2,train,1.8565,0.6576
2,val,0.2022,-0.1354,-0.3464
3,train,1.5118,0.6588
3,val,0.2457,-0.1204,-0.3413
4,train,0.8341,0.6611
4,val,0.2635,-0.1119,-0.3367
5,train,0.5975,0.6625
5,val,0.2789,-0.1063,-0.3361
6,train,0.4733,0.6645
6,val,0.2841,-0.1062,-0.3435
7,train,0.3983,0.6658
7,val,0.2953,-0.1007,-0.3362
8,train,0.3514,0.6676
8,val,0.2993,-0.0972,-0.3301
9,train,0.3096,0.6690
9,val,0.3035,-0.0928,-0.3238
10,train,0.2527,0.6709
10,val,0.3154,-0.0886,-0.3223
11,train,0.2405,0.6709
11,val,0.3179,-0.0877,-0.3224
12,train,0.2310,0.6712
12,val,0.3193,-0.0877,-0.3243
13,train,0.2245,0.6716
13,val,0.3199,-0.0882,-0.3265
14,train,0.2236,0.6711
14,val,0.3213,-0.0864,-0.3215
