0,train,7.9085,0.3883
0,val,0.2100,-0.1469,-0.3761
1,train,3.7695,0.4097
1,val,0.2573,-0.1239,-0.3616
2,train,2.8721,0.4200
2,val,0.2927,-0.1036,-0.3397
3,train,2.4363,0.4273
3,val,0.3068,-0.0960,-0.3360
4,train,2.1193,0.4340
4,val,0.3239,-0.0850,-0.3107
5,train,1.9174,0.4392
5,val,0.3356,-0.0851,-0.3245
6,train,1.7592,0.4436
6,val,0.3349,-0.0794,-0.3078
7,train,1.6456,0.4474
7,val,0.3496,-0.0766,-0.3190
8,train,1.5313,0.4507
8,val,0.3420,-0.0799,-0.3190
9,train,1.4526,0.4536
9,val,0.3469,-0.0767,-0.3146
10,train,1.0410,0.4620
10,val,0.4027,-0.0504,-0.2982
11,train,0.9354,0.4651
11,val,0.4055,-0.0481,-0.2964
12,train,0.8962,0.4664
12,val,0.4089,-0.0459,-0.2919
13,train,0.8703,0.4675
13,val,0.4110,-0.0452,-0.2925
14,train,0.8480,0.4684
14,val,0.4124,-0.0443,-0.2927
15,train,0.8266,0.5798
15,val,0.4142,-0.0435,-0.2904
16,train,0.9481,0.5813
16,val,0.4162,-0.0425,-0.2900
17,train,1.0939,0.5816
17,val,0.4163,-0.0423,-0.2893
18,train,1.2494,0.5819
18,val,0.4165,-0.0417,-0.2874
19,train,1.4229,0.5823
19,val,0.4178,-0.0413,-0.2869
20,train,1.6061,0.5827
20,val,0.4180,-0.0412,-0.2875
21,train,1.8089,0.5827
21,val,0.4188,-0.0407,-0.2864
22,train,2.0173,0.5828
22,val,0.4180,-0.0416,-0.2893
23,train,2.2454,0.5826
23,val,0.4190,-0.0411,-0.2876
24,train,2.4608,0.5832
24,val,0.4185,-0.0412,-0.2880
25,train,2.4744,0.5828
25,val,0.4185,-0.0409,-0.2868
