0,train,0.8648,0.9829
0,val,0.2222,-0.1296,-0.3439
0,train,0.9482,0.9831
0,val,0.2426,-0.1165,-0.3256
1,train,0.5696,0.9843
1,val,0.2460,-0.1233,-0.3531
2,train,0.7489,0.9840
2,val,0.2498,-0.1302,-0.3707
3,train,0.7108,0.9838
3,val,0.2777,-0.1040,-0.3235
4,train,0.5016,0.9845
4,val,0.2768,-0.1067,-0.3376
5,train,0.4325,0.9848
5,val,0.2922,-0.1018,-0.3365
6,train,0.3810,0.9853
6,val,0.3082,-0.0947,-0.3265
7,train,0.3494,0.9852
7,val,0.3012,-0.0974,-0.3298
8,train,0.3188,0.9849
8,val,0.3090,-0.0941,-0.3287
9,train,0.3051,0.9852
9,val,0.3169,-0.0860,-0.3149
10,train,0.1359,0.9852
10,val,0.3738,-0.0588,-0.2894
11,train,0.1010,0.9862
11,val,0.3772,-0.0575,-0.2895
12,train,0.0955,0.9858
12,val,0.3863,-0.0538,-0.2878
13,train,0.0969,0.9868
13,val,0.3876,-0.0532,-0.2875
14,train,0.0930,0.9857
14,val,0.3911,-0.0509,-0.2850
15,train,0.0924,0.9857
15,val,0.3947,-0.0493,-0.2835
16,train,0.0932,0.9861
16,val,0.4001,-0.0466,-0.2785
17,train,0.0925,0.9863
17,val,0.3997,-0.0473,-0.2808
18,train,0.0913,0.9863
18,val,0.4030,-0.0467,-0.2826
19,train,0.0900,0.9861
19,val,0.4064,-0.0448,-0.2795
20,train,0.0864,0.9864
20,val,0.4059,-0.0449,-0.2802
21,train,0.0858,0.9860
21,val,0.4071,-0.0446,-0.2809
22,train,0.0858,0.9862
22,val,0.4075,-0.0442,-0.2793
23,train,0.0847,0.9860
23,val,0.4072,-0.0438,-0.2779
24,train,0.0852,0.9870
24,val,0.4080,-0.0435,-0.2773
25,train,0.0841,0.9865
25,val,0.4094,-0.0433,-0.2791
26,train,0.0838,0.9864
26,val,0.4072,-0.0441,-0.2783
27,train,0.0836,0.9870
27,val,0.4089,-0.0436,-0.2787
28,train,0.0840,0.9871
28,val,0.4086,-0.0438,-0.2795
29,train,0.0836,0.9863
29,val,0.4089,-0.0435,-0.2780
30,train,0.0832,0.9861
30,val,0.4095,-0.0431,-0.2772
31,train,0.0836,0.9865
31,val,0.4095,-0.0430,-0.2777
32,train,0.0841,0.9867
32,val,0.4096,-0.0431,-0.2784
33,train,0.0833,0.9876
33,val,0.4094,-0.0433,-0.2785
34,train,0.0827,0.9863
34,val,0.4091,-0.0431,-0.2773
35,train,0.0829,0.9870
35,val,0.4097,-0.0428,-0.2771
