0,train,8.0862,0.4815
0,val,0.2176,-0.1410,-0.3630
1,train,3.7288,0.5119
1,val,0.2540,-0.1179,-0.3425
2,train,2.7975,0.5251
2,val,0.2843,-0.1023,-0.3311
3,train,2.3330,0.5351
3,val,0.2920,-0.1015,-0.3382
4,train,2.0165,0.5429
4,val,0.3242,-0.0932,-0.3444
5,train,1.8082,0.5489
5,val,0.3244,-0.0867,-0.3203
6,train,1.6459,0.5544
6,val,0.3433,-0.0789,-0.3196
7,train,1.5235,0.5588
7,val,0.3332,-0.0802,-0.3066
8,train,1.4129,0.5633
8,val,0.3516,-0.0764,-0.3162
9,train,1.3363,0.5663
9,val,0.3488,-0.0764,-0.3135
10,train,0.9136,0.5770
10,val,0.3972,-0.0541,-0.3027
11,train,0.8080,0.5810
11,val,0.4004,-0.0530,-0.3017
12,train,0.7702,0.5826
12,val,0.4027,-0.0515,-0.2985
13,train,0.7487,0.5837
13,val,0.4071,-0.0478,-0.2939
14,train,0.7340,0.5846
14,val,0.4123,-0.0465,-0.2915
15,train,0.7137,0.5847
15,val,0.4110,-0.0467,-0.2919
16,train,0.8179,0.5861
16,val,0.4112,-0.0456,-0.2886
17,train,0.9462,0.5867
17,val,0.4129,-0.0449,-0.2885
18,train,1.0905,0.5870
18,val,0.4124,-0.0455,-0.2915
19,train,1.2511,0.5873
19,val,0.4139,-0.0450,-0.2906
20,train,1.4235,0.5875
20,val,0.4141,-0.0444,-0.2892

